0 905
0 1696
0 2344
1 57
1 254
1 447
1 612
1 1102
1 1575
1 1591
2 644
2 2227
2 2411
3 152
3 1063
3 1476
3 2236
4 278
4 469
4 571
4 1211
4 1366
4 1615
4 1768
5 249
5 289
5 333
5 708
5 1094
5 1997
5 2023
5 2263
6 1582
6 1902
6 1937
6 2333
7 54
7 439
7 572
7 676
7 873
8 362
8 2033
8 2045
9 440
9 1437
10 261
10 734
10 968
10 1122
10 1689
10 1782
10 1842
11 229
11 638
11 1023
11 1049
11 1076
11 1151
11 1663
11 1976
11 1993
12 573
12 606
12 688
12 869
12 917
12 1512
12 1563
12 1691
12 1694
12 2226
13 187
13 268
13 816
13 1536
13 1588
13 2457
14 665
14 1158
14 1267
14 2383
15 301
15 556
15 1825
16 463
16 677
16 2040
16 2128
16 2403
16 2453
17 467
17 629
18 362
18 757
18 1011
18 2295
19 273
19 528
19 1055
19 1074
19 1960
19 2319
20 1148
20 1664
20 1691
20 2365
21 353
21 580
21 1010
21 2047
21 2054
22 433
22 880
22 1535
22 1537
22 2003
23 118
23 195
23 456
23 536
23 1422
23 1444
23 1646
24 155
24 268
24 610
24 728
24 1546
24 1790
24 2030
25 707
25 1870
25 2033
26 366
26 961
26 980
26 1198
26 1790
26 1909
27 285
27 1068
27 1161
27 1876
27 2132
27 2370
28 1013
28 1127
28 1307
28 2231
28 2267
29 63
29 86
29 726
29 2273
29 2446
30 416
30 836
30 1370
30 1809
30 1843
31 55
31 643
31 1038
31 1313
31 2217
31 2262
32 69
32 508
33 162
33 626
33 729
33 964
33 994
33 1050
33 1120
33 1612
33 1960
33 2393
34 778
34 2186
35 441
35 692
35 991
35 1345
36 493
36 770
36 1267
36 1547
36 2191
36 2250
37 337
37 401
37 574
38 140
38 175
38 176
38 602
39 266
39 584
39 701
39 1145
39 1863
39 1970
39 2018
39 2052
39 2207
39 2268
39 2427
39 2482
40 225
40 1061
40 2076
40 2287
41 170
41 237
41 536
41 1004
41 1675
41 2031
42 595
42 822
42 970
42 1167
42 1555
42 1764
42 2137
42 2275
42 2368
43 832
43 1416
43 1482
43 1597
43 1865
43 1915
44 146
44 1623
44 1831
45 57
45 456
45 1027
45 1096
45 1911
46 269
46 718
46 1319
46 1676
46 1907
46 1943
47 885
47 1055
47 1112
47 1612
47 1657
47 2041
47 2075
48 178
48 1163
48 1677
48 1695
48 2360
49 1223
49 1231
49 2222
49 2460
50 894
50 1581
50 1962
50 2325
51 87
51 299
51 1042
51 1167
51 2319
52 1211
52 1296
53 406
53 407
53 1002
53 1876
53 2365
54 569
54 1232
54 2192
55 119
55 648
55 947
55 1734
55 1937
55 2497
56 1426
56 1605
56 1774
56 2196
56 2242
57 789
57 1586
57 1616
57 1643
57 1753
58 188
58 340
58 772
58 1318
58 1352
58 1560
58 2079
58 2374
59 391
59 588
59 629
59 1059
59 1225
59 1385
59 2123
59 2202
60 293
60 478
60 525
60 561
60 1765
60 2207
61 602
61 764
61 1070
61 2215
61 2340
61 2342
62 767
62 779
62 1422
62 1488
62 1751
62 2271
63 1200
63 1502
63 1594
64 780
64 1446
64 2373
64 2403
65 1190
65 1817
66 179
66 311
66 747
66 1223
66 1765
67 372
67 1110
67 1278
67 1315
67 1430
67 1897
68 245
68 1027
68 1618
68 1756
68 1760
68 1816
68 1846
68 2168
69 831
69 878
69 2070
69 2413
69 2462
70 249
70 840
70 947
70 1075
70 1512
70 2054
71 114
71 203
71 506
71 516
71 1440
71 1583
71 2001
71 2143
71 2479
72 195
72 530
72 800
72 870
72 972
72 1917
73 966
74 1274
74 1420
74 2005
75 286
75 582
75 1886
76 380
76 1196
77 93
77 570
78 479
79 157
79 233
79 261
79 1314
79 2301
79 2358
79 2359
80 1420
81 283
81 696
81 1932
81 2005
81 2360
82 220
82 1024
82 1931
83 1497
83 1704
83 2089
84 379
84 1185
84 1537
84 1541
84 1762
84 2229
85 336
85 1062
85 1262
85 1338
85 1636
85 2233
85 2307
86 229
86 947
86 988
86 1093
86 1543
86 1601
86 1894
86 1970
87 122
87 247
87 601
87 2090
87 2106
87 2152
87 2360
88 959
88 1080
89 1213
89 1307
89 1578
89 1669
90 118
90 250
90 443
90 829
91 2112
92 818
92 1169
92 1921
92 1941
92 1980
92 2085
93 641
93 812
93 896
93 1461
93 1793
93 1959
94 267
94 329
94 369
94 867
94 910
94 1400
95 146
95 410
95 843
95 885
95 2052
96 100
96 497
96 548
96 871
97 847
97 2192
98 550
98 755
98 2406
99 165
99 328
99 1221
99 1579
99 1752
99 1991
99 2055
100 307
100 847
100 1141
100 1860
100 2044
100 2168
100 2327
101 566
101 658
102 1087
102 1368
102 1740
103 178
103 435
103 654
103 1054
103 1362
103 1646
103 1914
104 1410
104 2255
105 397
105 462
105 867
105 1864
105 2206
105 2235
106 562
106 841
106 1556
106 1558
106 1850
106 2358
106 2362
107 124
107 932
108 926
108 1025
108 1037
108 1470
108 1860
108 2467
109 152
109 191
109 196
109 764
109 1457
109 2260
110 470
110 610
110 715
110 1715
110 1882
111 244
111 378
111 2189
111 2447
112 807
112 1714
112 1742
112 1833
113 168
113 1979
113 2295
114 348
114 391
114 767
114 2242
115 292
115 668
115 739
115 1629
115 2372
116 718
116 1657
116 1663
116 1734
116 1745
116 1961
116 2051
116 2291
116 2373
117 166
117 1025
117 2336
118 192
118 356
118 1072
118 1665
118 1815
119 226
119 821
119 1462
119 1502
120 248
120 394
120 1441
120 1495
120 2231
121 254
121 374
121 954
121 1987
121 2492
122 1788
122 2104
122 2170
123 573
123 826
123 872
123 1232
123 1536
123 1882
123 2406
123 2415
124 447
124 1208
124 1361
124 1822
124 1872
125 181
125 567
125 582
125 847
125 983
125 1154
125 1278
125 1501
125 1855
125 2069
125 2199
125 2484
126 738
126 1524
126 1680
127 1368
127 2350
128 402
128 957
128 1079
128 1109
128 1770
128 1877
129 1130
129 1604
129 1839
129 1998
129 2010
130 1223
130 1695
130 1805
130 1971
130 2195
130 2326
131 257
131 291
131 1131
131 2070
132 599
132 681
132 1185
132 1234
133 202
133 939
134 625
134 682
134 863
134 1067
134 1718
134 2391
135 241
135 915
135 1125
135 2007
135 2291
135 2335
135 2395
136 407
136 1271
136 1482
137 186
137 1714
137 1916
137 2172
137 2253
138 679
138 1593
138 1762
138 2445
139 909
139 1134
139 1447
139 1906
139 2192
139 2471
140 243
140 319
140 1641
140 2106
141 1229
141 2129
142 384
142 592
142 1472
142 1597
142 1983
143 300
143 505
143 990
143 1056
143 1611
143 1962
144 356
144 557
144 1688
144 2148
144 2475
145 339
145 351
145 728
145 897
146 263
146 284
146 522
146 902
146 1436
146 1965
147 613
147 1295
147 1414
148 507
148 539
148 555
148 1930
148 2464
149 511
149 1982
149 2152
149 2301
149 2354
150 386
150 1032
150 1602
150 2021
150 2268
151 930
151 1121
151 1244
151 1306
152 225
152 529
152 1212
152 1365
152 1774
152 2331
153 445
153 526
153 760
153 826
153 1650
153 1698
153 1782
153 1817
153 2021
154 204
154 736
154 1445
154 1820
154 2394
156 810
156 957
156 1849
156 2477
157 373
157 870
157 1149
157 1275
157 1427
157 2264
158 667
158 763
158 1288
158 1360
159 489
159 1166
159 1349
159 1391
159 1677
159 1836
159 1867
159 2489
160 410
160 526
160 795
160 971
160 1102
160 1137
160 1182
160 1216
161 324
161 509
161 571
161 1013
161 1313
161 2095
162 441
162 807
162 982
163 275
163 639
163 1042
163 1556
163 1604
163 1926
163 2053
163 2083
164 713
164 827
164 922
164 1322
164 1624
164 1681
164 1737
165 549
165 1190
166 168
166 1650
166 1889
166 2209
166 2212
167 1088
167 1276
167 1471
168 491
168 1198
168 1237
168 1696
168 1967
168 2399
169 447
169 572
169 1438
169 1786
169 1928
169 2125
169 2287
170 465
170 949
171 1192
171 1901
171 2225
172 979
172 1545
172 1827
173 180
173 309
173 553
173 584
173 1176
173 1194
173 1545
173 1791
173 1814
173 2395
174 424
174 586
174 853
174 1138
174 1283
174 1548
174 2410
175 257
175 775
175 1440
175 2029
176 203
176 2086
176 2201
177 321
177 344
177 479
177 762
177 1945
177 2281
178 1428
178 1849
178 2098
178 2416
179 916
179 1802
179 2099
180 208
180 332
180 485
180 805
180 958
180 998
180 1448
180 2073
180 2228
180 2485
181 818
181 1120
181 1379
181 2321
182 218
182 404
182 668
182 966
182 1296
182 1531
182 1600
182 1772
183 758
183 1413
184 282
184 591
184 792
184 890
184 1467
184 1813
184 2083
185 2240
186 344
186 563
186 1198
186 1828
186 2358
186 2462
187 285
187 548
187 901
187 1433
188 1028
188 1567
188 1938
188 2279
189 214
189 396
189 977
189 986
189 1163
189 1164
189 1598
189 2059
189 2148
189 2385
190 565
190 699
190 1902
190 2160
191 366
191 559
191 917
191 972
191 1182
191 2196
191 2228
192 196
192 658
192 1361
192 1717
192 2098
193 627
193 729
193 1799
193 1845
193 1975
193 2455
193 2487
194 266
194 1266
194 1269
194 1337
194 1859
195 303
195 322
195 350
195 2430
196 318
196 333
196 393
196 1524
197 353
197 998
197 1582
197 2493
198 1007
198 1274
198 1508
199 269
199 755
199 1447
199 1677
199 1914
199 2216
199 2454
200 320
200 959
200 1019
200 1226
200 1453
200 2126
201 689
201 1755
201 2173
202 244
202 903
202 1515
202 1656
202 2379
203 268
203 1221
203 1276
203 1462
203 1701
203 2465
204 673
204 925
204 947
204 1289
204 1723
204 1743
204 2003
204 2018
204 2233
205 640
205 774
205 902
205 953
205 1350
205 1421
205 1585
205 2186
205 2385
206 1540
207 768
207 1818
207 1981
207 2082
208 602
208 1333
208 1978
208 2268
209 521
209 1675
209 2115
209 2266
209 2497
210 345
210 1719
211 818
211 1373
212 1027
212 1129
212 2396
213 564
213 648
213 798
213 1070
213 2183
214 341
214 451
214 706
214 884
214 1180
214 1317
215 825
215 1219
215 2482
216 908
216 1346
216 1422
216 1522
216 1918
216 2265
217 453
217 836
217 1008
217 1072
218 220
218 424
218 1517
218 1573
218 1661
218 2165
219 420
219 559
219 624
219 709
219 735
221 318
221 849
221 1443
221 2390
221 2448
222 334
222 1751
222 1897
222 2222
222 2286
223 331
223 850
223 983
223 1443
223 2038
224 1086
224 1689
224 1787
225 1087
225 1706
225 2465
226 315
226 1358
226 2257
226 2444
227 572
227 663
227 1722
227 1999
228 300
228 806
228 1396
228 1488
228 1966
229 523
229 580
229 869
229 927
229 1248
229 1396
230 890
230 930
230 1406
230 1492
231 989
231 1066
231 1152
231 2341
232 710
232 727
232 1208
232 1998
232 2000
232 2054
232 2189
233 771
233 1110
233 1371
233 1697
233 1707
233 1981
233 2030
233 2038
233 2148
233 2196
233 2369
234 294
234 471
234 555
234 856
234 1074
234 1318
234 2088
235 634
235 856
235 1304
235 1661
235 2326
236 786
236 925
236 1152
236 1643
236 2090
237 243
237 1786
237 2033
238 456
238 526
238 763
238 1339
238 1705
238 1862
238 2045
239 289
239 1271
240 500
240 956
240 1076
240 2196
240 2488
240 2492
241 1308
241 1345
241 2348
241 2446
242 637
242 672
242 756
242 2247
242 2426
243 1135
243 1246
243 1273
243 1459
243 1512
243 1878
243 1997
243 2448
244 1286
244 1362
244 1460
244 1526
244 1702
244 2304
245 1673
245 1754
245 1800
245 2219
246 425
246 691
246 2131
247 342
247 588
247 649
247 1288
248 802
248 1062
248 1233
248 1767
249 1646
249 2331
250 526
250 1808
251 671
251 1101
251 1238
251 1262
251 1398
251 2131
253 742
253 947
253 1229
253 1280
253 1539
253 2165
254 477
254 536
254 1077
254 1316
254 1467
254 1914
254 2378
255 990
255 1055
255 1620
255 2348
256 1000
257 525
257 1165
257 1295
257 1717
257 2200
257 2340
258 477
258 479
258 717
258 1118
258 1949
258 1953
258 2061
259 800
259 1471
259 1953
260 1020
260 1251
260 1662
260 1839
260 2178
260 2480
261 608
261 675
261 714
261 746
261 1035
261 1316
261 1346
261 1691
261 1740
261 1755
261 2328
262 600
262 1101
262 1126
262 2218
263 586
263 597
263 924
263 1107
264 369
264 1820
265 823
265 1144
265 1568
265 2112
266 562
266 1031
266 1486
267 1142
267 2284
268 908
268 910
268 943
268 1104
268 1605
268 2192
269 1676
270 1014
270 2388
271 1643
271 2009
271 2182
272 742
272 1299
272 1735
273 868
273 1076
273 2354
274 788
275 383
275 529
275 752
275 1463
275 2135
275 2148
275 2181
276 417
276 1383
277 451
277 708
277 1235
277 1256
277 1675
277 2093
277 2200
277 2445
277 2452
278 1610
278 1838
278 2062
279 302
279 1008
280 423
280 642
280 1736
280 1953
281 569
281 1555
281 1808
281 2219
281 2380
281 2412
282 1255
282 1645
283 535
283 831
283 1529
283 1545
284 380
284 407
284 1129
284 1265
284 2267
285 595
285 1027
285 1590
285 1998
285 2464
286 357
286 754
286 999
286 1246
286 2002
286 2084
286 2216
287 469
287 796
287 897
287 965
287 1467
287 2264
288 1745
289 419
289 1753
289 1822
289 2301
289 2360
290 1852
290 2017
290 2268
291 399
291 440
291 486
291 1540
291 1725
291 1876
291 1898
292 630
292 1022
292 1107
292 1565
292 2209
293 465
293 994
293 1314
294 917
294 1039
294 2204
295 474
295 707
295 1432
295 1717
295 2190
296 646
296 1046
296 2468
296 2494
297 1425
297 1445
297 1676
297 2177
298 519
298 1020
298 1312
298 2171
298 2358
299 1530
299 1577
299 1833
300 453
300 716
300 922
300 1926
300 2431
301 462
301 616
301 936
301 1427
301 2298
302 873
302 2045
303 797
303 1354
303 1407
303 1571
303 1707
303 2355
304 313
304 322
304 705
304 1091
304 1798
305 419
305 1990
305 2444
306 866
306 1570
307 1541
308 1603
308 2407
308 2480
309 1350
309 2105
309 2139
310 403
310 1417
310 2223
311 364
311 606
311 643
311 1031
311 2189
311 2498
312 938
312 1930
314 1016
314 1536
314 2450
315 1529
316 516
316 1093
316 1733
317 602
317 867
317 1459
318 1452
318 2269
318 2443
319 371
319 580
319 757
319 942
319 1416
319 1697
319 2022
320 324
320 551
320 841
320 1048
320 1433
320 1447
320 1564
320 1971
320 2161
320 2495
321 513
321 632
321 1023
321 1051
321 1664
321 2332
322 1078
323 1094
323 1167
323 1854
323 2261
324 482
324 511
324 1513
325 711
325 923
326 619
326 787
326 1334
326 1535
327 388
327 696
327 748
327 812
327 1695
327 2023
327 2366
327 2498
328 1053
328 1283
328 1306
328 1376
328 1434
328 1464
329 942
329 1811
329 2433
330 913
330 1357
330 1477
330 1666
330 1707
330 1816
330 1848
330 2269
331 585
331 1047
331 1613
332 783
332 1039
332 1361
332 2070
332 2423
332 2490
333 1548
333 2449
333 2491
334 557
334 572
334 1239
334 2276
335 682
335 1633
335 1640
335 2166
336 992
336 2086
337 444
337 560
337 760
337 1126
337 1200
337 1355
337 1884
337 2269
338 633
338 731
338 1092
338 1182
338 1395
338 1549
338 1802
338 1841
338 2082
339 674
339 1724
340 492
340 775
340 832
340 1162
340 1303
340 1784
340 2310
341 639
341 735
341 950
341 1016
341 1279
341 1423
341 1801
341 1848
342 432
342 456
342 597
342 1628
342 2091
342 2276
343 788
343 1076
343 2442
344 1318
345 1701
346 680
346 1098
346 2084
346 2126
346 2187
347 713
347 758
347 1297
347 2189
348 478
349 1054
349 1111
349 1674
349 2259
350 353
350 425
350 618
350 670
351 362
351 597
351 1494
351 1946
352 1222
352 2105
353 1377
354 632
354 969
354 1429
354 1696
354 1699
354 2064
355 877
355 1623
355 1706
356 479
356 481
356 1788
356 2166
356 2322
357 593
357 1369
357 1729
358 697
358 1503
358 1734
358 2438
359 1328
359 2368
360 429
360 823
360 1833
360 2153
361 1332
361 1347
361 1833
361 1881
361 2082
361 2467
362 542
362 545
362 635
362 1187
362 1244
362 1458
362 1480
362 2205
363 651
363 1245
363 1712
363 1833
364 758
364 1221
364 1512
364 1567
364 1626
364 1906
365 578
365 794
365 1363
365 1822
365 1853
365 2019
366 459
366 1281
366 1973
366 2362
367 875
367 1406
368 675
368 701
368 1418
368 2366
368 2403
369 413
369 1758
369 1927
369 1943
369 2070
369 2209
369 2258
369 2370
370 1062
370 1955
370 2025
371 669
371 1837
371 2162
371 2164
372 1495
372 1619
372 1735
372 1768
372 1934
372 1997
373 433
373 855
373 1262
373 1656
373 1681
373 1758
373 1939
374 1106
374 1125
374 1807
374 2396
375 744
375 810
375 1960
375 2274
376 635
376 1472
376 1505
376 1668
376 2051
376 2183
377 879
377 1204
377 1943
377 2336
378 857
378 1487
378 1899
378 2205
379 904
379 1706
379 2122
380 626
381 1165
381 1405
382 1623
383 550
383 960
383 1023
383 1854
384 983
384 1021
384 1336
384 1893
385 1101
385 1164
385 1708
385 1794
385 1921
385 1948
386 934
386 1268
386 1993
386 2333
387 797
387 889
387 1239
387 1652
387 1843
387 1882
387 1911
387 2423
388 454
388 522
388 1052
388 1146
388 1445
388 2379
388 2424
389 2420
389 2441
390 474
390 623
390 680
390 1264
390 2067
390 2254
390 2383
391 613
391 1658
391 2010
392 793
392 1364
392 2060
392 2301
393 635
393 1341
393 1478
393 1682
393 2056
393 2272
393 2380
394 581
394 2020
394 2128
394 2177
394 2398
394 2423
395 639
395 2122
395 2181
396 407
396 923
396 992
396 1047
396 1528
397 770
397 1419
397 1736
397 1768
397 2180
398 1009
398 2243
398 2470
399 417
399 835
399 1595
399 1794
399 1808
399 1835
399 1850
399 2441
400 617
400 1401
400 2247
400 2250
401 1078
402 924
402 1007
402 1046
402 1333
402 1456
402 1743
402 2371
402 2441
403 410
403 516
403 632
403 1101
404 598
404 776
404 2127
404 2165
404 2448
405 559
405 924
405 929
405 1330
405 1331
405 1467
405 1855
405 2264
406 527
406 683
406 1046
406 1936
406 2063
406 2297
407 684
407 1950
408 1686
408 1747
408 2149
409 2446
410 510
410 1060
410 1183
410 2335
411 556
411 726
411 1776
411 2284
412 1336
412 1598
413 667
413 715
413 919
413 927
413 1616
413 1907
414 1040
414 2229
414 2254
415 2029
416 1196
416 1596
416 2149
417 794
417 1325
417 1391
418 794
418 1291
419 510
419 610
419 1452
420 531
420 849
420 994
420 1014
420 1569
420 1774
420 1805
420 2249
421 463
421 491
421 1343
422 1030
422 1180
422 1181
422 1285
422 2063
422 2449
423 691
423 1365
423 1491
423 2088
424 431
424 762
424 848
424 1530
424 2451
425 2478
426 1120
427 983
427 1655
428 978
428 1207
428 1649
428 1916
428 2101
428 2499
429 645
429 1572
429 1762
429 2426
430 667
430 826
430 2051
431 615
431 1266
431 2244
432 721
432 998
432 1133
432 1460
432 2499
433 542
434 630
434 728
434 1295
434 2242
434 2348
435 973
435 1049
435 1115
435 1186
435 1913
436 1262
436 1558
436 2242
436 2469
437 1007
437 1268
437 1338
437 1940
437 2045
438 1558
439 1152
439 1427
440 1005
441 554
441 683
441 733
441 982
441 1264
441 1681
441 2263
442 834
443 1349
443 1708
443 1809
443 1940
444 571
444 619
444 639
444 1440
444 1449
444 1559
444 1894
444 2030
444 2160
445 915
445 977
445 1443
445 1876
445 2176
446 701
446 840
446 1512
446 2340
446 2429
447 1142
447 1179
447 1586
447 1598
447 1704
448 581
448 729
448 980
448 1147
448 1796
449 463
449 1233
449 2378
450 601
450 1007
450 1983
450 2222
451 685
451 1356
451 1412
451 1660
451 1819
452 1209
452 1631
452 2479
453 1481
453 1759
453 1822
453 1926
454 1330
454 1551
455 1304
455 2109
456 791
456 1011
456 1115
456 1353
456 1450
456 2014
457 511
458 859
458 2023
459 810
460 2006
460 2083
460 2410
461 1027
461 1164
461 1389
461 1523
461 1673
461 1930
461 1951
462 775
462 1362
462 1582
462 1592
462 1859
462 2215
463 499
463 599
463 1455
463 1528
463 1641
463 1652
463 1731
463 2079
464 1025
464 1424
464 1427
464 1574
464 1643
464 1998
465 672
465 772
465 888
465 1025
465 1067
465 1264
465 1535
465 1622
465 1730
466 630
466 1333
466 1659
466 2232
466 2471
467 955
467 1058
467 1838
467 2200
468 599
468 602
468 851
468 1075
468 1114
468 1598
468 1624
468 2030
469 535
469 1235
469 1306
469 1501
469 1545
469 2167
470 546
470 755
470 1826
470 2243
471 984
471 1356
472 1044
472 1443
472 2364
473 699
473 903
473 1001
473 1598
473 1613
474 877
474 902
474 1227
474 1312
475 1452
475 1915
476 1006
476 1011
476 1079
476 2078
477 536
477 1042
477 1464
477 2128
478 642
478 717
478 744
478 1084
478 1257
478 1438
478 1476
478 2106
479 1033
479 1967
479 2324
480 782
480 1622
480 1782
480 1801
481 1464
481 1637
482 532
482 927
483 1059
483 1272
483 1590
483 1697
484 1181
484 1530
484 1860
485 1753
485 1816
486 965
486 1488
486 1669
486 2111
487 987
487 2442
487 2490
488 952
488 1080
488 1137
488 1544
488 1701
488 1936
489 724
489 1136
489 1248
489 1357
489 1403
489 1782
489 1927
489 2034
489 2173
490 626
490 1796
490 2252
490 2393
491 626
491 733
491 857
491 1333
491 1637
491 1798
492 1422
493 1461
493 2493
494 539
494 652
494 1166
494 1232
495 1614
495 2104
495 2182
496 1466
496 1467
496 2236
497 880
497 983
497 1586
497 2157
498 589
498 1435
498 1979
498 2148
499 1382
499 1551
500 762
500 908
500 1427
500 1436
500 2019
500 2428
501 1060
501 1400
501 1468
501 1582
501 1824
501 2182
501 2183
502 544
502 1284
502 1665
502 1898
502 1914
502 2069
502 2273
503 1298
503 1327
503 1403
503 1451
504 544
504 668
504 1306
504 1359
505 1063
505 1245
506 603
506 2423
507 1598
507 1665
507 1792
507 2075
507 2160
508 1156
508 1330
508 1364
508 1708
508 2140
508 2211
508 2439
508 2492
509 2279
510 532
510 1225
510 1241
510 1575
510 1829
510 2209
510 2288
511 770
512 615
512 776
512 1595
512 1985
513 928
513 1038
513 1192
514 1034
514 1270
514 1868
515 1095
515 1895
516 699
516 706
516 777
516 1491
516 2444
517 840
517 1617
517 1788
518 592
518 1213
518 1598
518 1951
518 1956
519 1944
519 2122
519 2186
519 2408
520 787
520 820
520 1864
520 2246
521 877
521 1029
521 1524
522 1110
522 1402
522 1494
522 1671
522 1856
522 2395
523 529
523 1531
524 660
524 1242
524 1755
524 2143
524 2185
525 868
525 871
525 1195
525 1380
525 1593
525 1724
525 1991
525 2116
525 2376
526 1165
526 1755
526 1875
526 2032
526 2298
527 1151
527 1724
529 576
529 614
529 2442
530 2028
530 2307
531 661
531 2434
532 576
532 744
532 1291
532 1574
532 2303
533 1208
533 1547
533 2178
533 2341
533 2481
534 1124
534 1290
534 1334
534 1638
534 2123
534 2172
534 2494
535 858
535 987
535 999
535 1330
535 1808
535 2488
536 1513
536 1784
536 1789
536 1829
537 1924
537 2209
538 1114
538 1398
538 1743
538 1896
539 613
539 835
539 928
539 1441
539 1746
539 1980
539 2281
540 637
540 1190
540 1700
540 2041
540 2208
541 660
541 1985
541 2372
542 738
542 2201
543 870
543 886
543 951
543 1301
543 1656
543 2092
543 2219
544 774
544 2039
544 2224
544 2360
545 1047
545 1517
545 1665
545 1744
545 1881
545 2245
545 2346
546 645
546 925
546 1888
546 2217
547 746
547 1746
547 1755
547 2140
547 2193
548 554
548 964
548 1090
548 1448
548 1560
549 1409
549 1763
549 2083
550 743
550 953
550 1049
550 1757
550 2023
551 641
551 2381
552 1418
552 1513
552 1519
552 1906
553 858
553 1491
553 2151
553 2466
554 1342
554 1542
554 2016
555 888
555 986
555 1277
555 1975
555 2368
555 2399
556 692
556 906
556 1621
556 1828
557 712
557 834
557 2045
557 2374
558 2208
559 625
559 2346
560 854
560 1042
560 1382
560 1974
561 1347
561 1379
561 1825
561 1998
561 2431
562 877
562 1307
562 1735
562 2111
562 2190
562 2393
563 1172
563 1687
563 2235
564 792
564 1264
564 1325
564 1759
564 2224
565 858
565 896
565 1051
565 1536
565 2388
566 569
566 1067
566 1166
566 1317
566 2448
567 1402
567 1917
567 2318
568 785
569 584
569 1293
569 1326
569 1410
569 1791
569 2356
570 2035
570 2114
571 988
571 1207
571 1933
571 2097
572 1240
572 1336
572 2133
572 2415
573 1004
573 2064
574 1497
574 1943
574 2151
575 1128
576 1218
576 1536
576 1617
576 2317
577 1120
577 1362
577 1447
578 786
578 1339
578 1801
578 2472
579 838
579 2124
580 1257
580 1787
580 1925
580 2496
581 1132
581 1738
581 2116
581 2185
582 738
582 1490
583 845
583 1335
583 1637
584 1286
585 781
585 1089
586 855
586 1405
586 2462
587 1449
587 1900
588 1420
589 686
589 1315
589 1500
589 2073
590 786
590 1140
590 1176
590 1577
590 2188
590 2226
590 2362
591 761
591 1636
591 2013
591 2082
592 980
592 1301
592 1666
592 2133
592 2227
592 2249
592 2290
592 2394
593 920
593 1182
594 866
594 1432
594 2490
595 610
595 779
595 1406
595 1684
595 1834
595 2097
596 624
596 800
596 868
596 1697
596 1953
597 628
597 1042
597 1210
597 1445
597 1672
597 2431
598 1100
598 1957
599 843
599 872
599 979
599 1282
599 1416
599 1829
599 2108
599 2135
599 2270
600 969
600 1153
600 1591
600 1651
600 2036
600 2050
600 2470
601 1062
601 1470
601 2042
601 2189
601 2386
602 712
602 1729
602 2291
602 2419
603 1215
604 699
604 1581
604 1933
605 755
605 1201
606 914
606 1917
606 2106
606 2115
606 2291
607 1282
607 1738
607 2161
608 1345
608 1621
608 2020
608 2240
609 1090
609 1190
609 1736
609 2110
610 643
610 799
610 1872
610 2017
610 2029
610 2249
610 2287
612 787
612 913
612 1144
612 1909
612 2262
612 2270
613 905
613 1301
613 1359
613 2071
613 2288
614 787
614 1022
614 1225
614 1772
614 1976
614 2159
615 871
615 1772
615 1861
615 1991
616 823
616 994
616 1523
616 1819
617 763
617 1086
617 1248
617 1628
617 2142
618 972
618 1382
618 1710
618 2003
619 865
619 1188
619 1416
620 945
620 1485
620 1988
620 2235
621 665
621 2484
622 1535
622 1852
622 2326
623 626
623 950
623 1919
624 671
624 810
624 811
624 1110
624 1204
624 1485
624 1708
625 685
625 797
625 860
625 972
625 2250
625 2285
626 657
626 728
626 763
626 1073
626 1077
626 1210
626 1498
626 1628
626 1656
626 1686
626 2116
627 645
627 1377
628 658
628 1323
628 1442
628 1491
628 1605
628 1887
629 1491
629 1672
629 2352
629 2478
630 1062
630 1244
631 698
631 1773
631 1790
631 2313
632 899
632 1505
632 1788
632 1962
633 752
633 1330
634 739
634 886
634 1020
634 1081
634 1388
634 1533
634 1774
634 2489
635 762
635 1418
635 1741
635 2163
636 1622
636 2392
637 2277
637 2365
638 1352
638 2076
639 1113
639 1952
639 2115
639 2180
640 1688
640 1820
641 1086
641 1183
641 1322
641 1759
642 746
642 791
642 2194
643 1009
644 1670
644 2337
645 1037
645 1188
645 1748
645 2192
646 801
646 861
646 1827
648 919
648 1010
648 1643
649 1040
649 1531
649 1538
649 2191
650 881
650 1885
650 2101
651 866
651 1023
652 892
652 910
652 1141
652 2177
653 726
653 891
653 1747
653 1770
653 2093
654 1243
654 1536
654 2151
655 872
655 1742
655 2162
655 2308
655 2334
656 1729
657 717
657 1027
657 2489
658 1045
658 1059
658 1247
658 1596
658 1621
658 1859
658 2018
659 1632
659 1670
659 1996
660 980
660 1208
660 1239
661 1611
661 1670
661 2214
661 2368
662 891
662 940
662 2119
663 1475
663 1820
663 2256
663 2316
663 2422
664 1143
664 1242
664 1407
664 1675
665 832
665 891
665 1430
666 729
666 1375
666 1540
666 1742
666 1831
666 2351
667 1139
667 1437
667 1623
668 1515
669 823
669 1514
669 1679
669 1738
669 2478
670 951
670 1099
670 1729
670 1950
671 1425
671 1959
671 2489
672 841
672 1048
672 1056
672 2070
672 2449
673 1229
673 1292
673 2223
674 927
674 998
674 1206
674 1249
675 802
675 1726
676 2328
677 1265
677 2349
678 1186
678 2260
679 832
679 1019
679 1921
679 2381
680 820
680 843
680 1382
680 1989
681 936
681 1187
681 1391
681 1685
682 892
682 1270
682 1396
682 1724
683 1896
683 2036
683 2214
684 1584
684 1743
685 950
685 992
685 1900
686 1070
686 1086
686 2484
687 977
687 989
687 1053
687 1141
687 1227
687 1687
687 1732
687 2262
688 699
688 804
688 1497
689 846
689 909
689 1252
690 728
690 1420
690 1646
690 1827
690 2469
691 1229
691 1422
691 2412
692 2439
693 1064
693 1164
693 1275
693 1889
693 1934
693 1954
693 2108
694 819
694 854
694 922
694 964
694 1801
694 1894
695 1334
695 1418
696 2152
697 981
697 1215
697 2239
698 996
698 1073
698 1347
698 1363
698 1458
698 1736
698 1829
698 1908
698 2143
699 1453
699 1917
699 2297
699 2321
699 2351
700 951
700 1976
700 2136
700 2454
701 781
701 1397
701 2357
702 1105
702 1200
702 1256
702 2174
703 712
703 2051
703 2390
704 1351
704 1510
704 1534
704 1662
705 770
705 898
705 1026
705 1530
705 2419
706 1671
706 1682
706 1981
706 2156
707 852
707 932
707 2130
708 1430
708 1621
708 1691
709 1266
709 1410
709 1932
709 2154
709 2286
710 1015
710 1042
710 1468
710 1490
710 1495
711 934
711 1113
711 1118
711 1685
711 1890
711 2179
711 2384
712 1305
712 1583
712 1584
712 1605
713 1043
713 1307
713 1379
713 1395
713 1819
713 1868
714 936
714 1863
715 1672
715 1916
715 2059
716 781
716 1173
716 1356
716 1502
716 1658
717 746
717 881
717 893
717 1186
717 1262
717 1505
717 1603
718 725
718 2026
719 1738
720 737
720 1401
720 1757
720 1854
720 1879
720 2020
721 1046
721 1106
721 1341
721 1383
721 1422
721 1875
722 826
722 1830
722 2237
722 2273
723 1220
723 1434
723 1515
723 1705
723 2462
724 976
724 1088
724 1309
724 1689
725 1496
726 759
726 993
726 999
726 1147
726 2131
726 2202
726 2273
727 1132
727 1386
728 2056
728 2095
729 1133
729 2211
730 792
730 1190
730 1373
731 862
731 1729
731 1744
731 1825
732 2269
733 1459
733 2468
734 820
734 1282
734 1509
734 1898
735 1019
735 1909
735 2066
736 1356
736 1615
736 1887
736 2266
737 799
737 1458
737 1943
737 2294
738 780
738 801
738 2158
739 1003
739 1149
739 1188
739 2034
739 2045
740 1205
740 1557
741 1507
741 2130
742 1228
742 1715
742 2211
743 804
743 928
743 1323
743 1902
743 2313
745 2448
746 1357
746 1523
746 2132
747 864
747 1181
747 1286
747 2176
748 838
748 1661
749 872
749 943
749 1073
749 1521
750 1622
750 1793
750 1900
750 2101
750 2472
751 995
751 1020
751 1256
751 1706
751 1978
751 2108
751 2269
752 872
752 1283
752 1486
752 1576
752 1629
752 1775
752 2254
753 767
753 858
753 1832
753 1835
754 812
754 1184
754 1331
755 1432
755 2012
755 2204
755 2209
755 2296
756 761
756 925
756 1230
756 1485
756 1518
756 1522
756 1887
756 1992
757 1374
757 1531
757 2366
757 2402
758 850
758 895
758 1243
759 968
759 1216
759 1470
759 2219
759 2375
760 1292
760 1347
760 1689
760 2144
761 993
761 1226
761 1303
761 2469
762 900
763 782
763 1069
763 1125
763 1322
763 1618
763 2013
763 2229
763 2252
764 918
764 1113
764 2117
765 882
765 1016
765 1385
765 1413
765 1772
765 1859
766 902
766 1224
766 1260
766 1330
766 1500
766 1529
767 798
767 1987
767 2483
768 1031
769 915
769 1141
769 1214
769 1354
769 2405
770 1818
771 1003
772 1148
772 1281
772 1352
772 1767
772 2162
772 2392
773 1351
774 1314
774 1475
774 1863
774 2319
775 887
775 898
775 1337
775 1520
776 1565
776 1741
776 1819
776 2316
776 2410
777 827
777 1595
777 1696
777 1958
777 2040
778 1299
778 2481
779 961
779 1735
779 1742
779 2294
780 1584
780 2012
780 2126
780 2370
781 922
781 1965
781 2396
782 914
782 1940
782 2202
783 1460
783 1955
784 1228
784 1315
785 1365
785 1878
785 2056
785 2198
785 2265
786 1468
786 1829
786 1870
786 2195
787 1028
788 1068
788 1134
788 1808
788 1822
788 2159
789 1928
790 904
790 1634
790 1856
791 1122
791 2247
792 931
792 1027
792 1128
792 1227
792 1349
792 1912
793 979
793 1389
793 1478
793 1652
793 1754
794 1163
794 2388
794 2477
795 972
796 1836
796 2421
797 1158
797 2348
798 1189
798 1552
798 1572
799 2281
800 2011
800 2443
801 1201
801 1944
801 1964
801 2031
802 844
802 2474
803 808
803 932
803 1401
803 1659
803 2431
804 1425
805 1225
806 1078
806 1271
806 1545
806 1623
806 1856
806 2067
806 2232
806 2324
806 2329
807 817
807 962
807 2451
808 1296
808 1388
809 1829
810 1128
810 2132
811 979
811 1621
811 1964
812 1081
812 1090
812 1354
812 2339
813 933
813 1030
813 1572
813 1863
813 1890
813 2006
814 1540
814 1613
814 1635
814 2398
815 1164
815 1181
815 1547
815 2210
816 1253
816 1770
817 1188
817 1538
817 2270
818 1359
819 995
819 1007
819 1303
819 1599
819 1909
820 1763
820 1949
821 1661
821 1712
821 1806
821 2264
821 2487
822 858
822 977
822 1363
822 1558
822 1702
822 2330
823 2182
823 2240
824 1688
824 2116
824 2337
824 2380
826 920
826 1093
826 1155
827 1097
827 1829
827 2088
828 1422
828 2440
829 1067
829 1417
829 1504
829 2260
829 2374
829 2380
830 976
830 1908
830 2037
830 2193
830 2324
830 2483
831 895
831 982
831 1070
831 2273
832 844
832 1198
833 925
833 1730
833 2430
834 884
834 1200
834 2405
835 1198
835 1406
835 2347
836 2201
837 1365
837 1541
837 1694
838 1082
838 1941
838 2451
839 1870
840 1341
841 1120
841 1728
841 1924
841 1957
841 1978
841 2355
841 2440
841 2487
842 1408
842 2271
842 2312
842 2441
842 2458
843 943
843 1697
843 2009
843 2209
843 2359
844 1230
844 1481
844 1834
845 922
845 1207
845 1411
845 1681
845 1950
845 2291
846 1247
846 1871
846 2073
846 2179
847 1738
849 985
849 1245
849 1663
849 1879
849 2001
850 2320
851 2496
852 1125
852 1170
852 1522
852 1615
852 2431
853 1716
853 2076
854 1135
855 945
855 1315
855 1707
855 2104
855 2163
855 2471
856 861
856 1131
856 1141
856 1825
857 1179
857 1269
857 1665
857 1709
857 1717
857 1999
857 2342
858 1572
858 1990
858 2350
859 1769
859 2011
860 1564
860 1565
860 1695
861 1664
861 2040
862 1087
862 1650
862 1919
863 1191
863 1868
863 2455
864 1194
864 1439
865 1439
865 1471
865 1965
866 1005
867 1349
867 1628
867 2225
867 2335
868 1178
868 1543
868 2418
869 942
869 1351
869 2310
869 2383
871 2107
871 2270
871 2471
871 2480
872 1204
873 1032
873 1397
873 1713
873 1913
873 1973
874 1552
874 2214
874 2354
875 975
875 1757
875 1853
875 2041
875 2218
876 1100
876 1358
876 2267
876 2313
876 2426
878 1193
878 1405
878 1510
878 1582
879 1392
879 1877
879 1999
879 2030
880 2175
881 2264
881 2303
882 1338
882 1479
882 1590
882 2187
882 2344
883 951
883 2025
883 2301
884 893
884 2000
884 2449
885 901
885 1094
885 1172
885 1518
885 2027
885 2052
885 2115
885 2477
886 1901
886 2188
886 2211
886 2275
886 2338
886 2404
887 984
887 1197
887 1640
887 2139
888 1613
888 1781
889 2092
889 2400
890 1225
891 1052
891 1135
891 1230
891 2387
891 2491
892 1118
892 1989
892 2141
893 1595
893 1859
893 1976
895 1502
895 1801
895 2209
896 1894
896 2302
897 1471
897 1782
897 1996
897 2498
898 1577
898 2062
899 1193
899 1446
899 1578
899 2027
899 2102
901 1360
901 1477
901 2348
901 2498
902 1119
902 1213
902 1241
902 1962
902 2040
903 971
903 1343
903 2321
903 2422
904 1500
904 1918
904 2009
904 2168
904 2213
904 2271
904 2398
905 1309
905 2199
905 2352
906 1295
906 1303
906 1928
906 2271
907 1430
907 1731
907 2445
907 2448
908 1341
908 1748
908 2375
908 2491
910 1474
910 2041
910 2069
910 2426
910 2445
912 1345
913 1199
913 1404
913 1575
913 2297
914 1147
914 1547
915 1338
915 1819
916 1277
917 2006
917 2259
918 992
918 2359
919 1077
919 2071
919 2154
920 1669
920 1976
920 2416
920 2453
921 1846
921 1903
921 2202
921 2382
922 946
922 1385
922 1793
922 2198
923 1663
923 1813
925 1277
925 1497
925 1584
925 2369
926 1010
926 1297
926 1354
926 2053
927 1677
927 2413
928 950
928 986
928 1191
928 1718
928 2066
928 2181
928 2360
929 1137
929 1980
929 2141
930 1503
930 1545
930 2030
930 2279
930 2280
930 2471
931 2243
931 2330
932 1292
933 2107
933 2328
934 1325
934 2197
934 2231
934 2331
935 939
935 1255
935 2266
935 2331
936 1551
936 1677
936 2308
936 2335
937 1042
937 1475
937 1679
937 1956
938 1158
938 1436
938 1834
940 1778
940 1847
940 2050
940 2254
941 942
941 1562
942 954
942 1886
943 1509
943 1667
943 1779
943 1972
943 2239
943 2439
944 1623
944 1964
945 1686
945 2056
945 2253
946 1027
948 1110
948 1686
949 1113
949 1867
950 1120
950 1290
950 2151
951 1363
951 1583
951 1642
951 1776
951 1879
951 2338
952 2474
953 2082
953 2188
953 2251
954 1784
955 1431
956 1567
956 1643
956 1686
956 1966
956 2174
957 1112
957 1427
957 1661
957 1732
957 1825
957 2034
957 2365
958 1157
958 1442
958 1693
958 2243
959 1097
960 1490
960 2364
961 1539
961 2106
962 1976
963 1194
963 2001
963 2166
964 2496
965 1194
965 1872
966 1464
966 2448
967 1194
967 1358
968 1565
968 2437
969 1883
969 2098
969 2184
969 2307
970 1226
970 1675
970 1941
970 2150
971 1352
971 1640
971 2199
972 1018
972 1538
972 1793
972 1923
973 1185
973 1900
973 2018
973 2367
974 981
974 1207
974 1383
975 1329
975 1588
975 1729
975 2031
978 1308
978 1596
978 1870
978 2258
979 1216
979 1292
980 1485
980 1620
981 1525
981 2117
981 2346
982 1000
982 1251
982 1602
982 1735
982 2178
982 2215
983 1263
983 1924
983 1952
983 2429
984 1572
984 1831
985 1073
985 1284
985 1723
985 1774
985 2010
985 2443
985 2462
985 2497
987 1414
987 1738
987 2196
988 1444
988 1504
988 1508
988 1574
988 1949
989 1205
989 1388
989 1674
989 2458
990 1296
990 1732
990 2110
991 1015
991 2198
991 2322
992 1071
992 1286
993 1026
993 1391
993 1582
994 2036
994 2150
995 1108
995 1220
995 1221
995 1238
995 1316
996 1458
996 1718
996 1843
996 2390
997 1186
997 1389
997 2230
998 1990
998 2287
999 1047
999 1255
999 2323
999 2372
1000 1448
1001 1384
1001 1878
1001 2134
1002 1199
1002 1331
1002 1916
1002 2107
1002 2167
1003 1033
1003 1204
1003 1494
1004 1544
1004 1597
1004 1805
1004 2388
1005 1530
1005 2010
1005 2246
1006 1112
1006 1312
1006 1321
1006 1492
1007 1085
1008 1108
1008 1208
1008 1335
1008 1424
1008 1863
1008 2393
1008 2456
1009 1518
1010 1114
1010 1904
1010 2161
1011 1256
1011 2162
1012 1479
1012 1925
1013 1313
1013 1437
1013 1495
1013 1690
1013 1903
1013 2042
1013 2335
1014 1541
1014 1675
1014 2224
1014 2453
1015 2007
1015 2302
1015 2375
1016 1369
1016 1857
1016 2049
1017 1968
1018 1501
1018 1984
1019 1217
1019 1426
1019 1872
1019 2254
1019 2299
1019 2311
1020 1421
1020 1481
1020 1998
1021 1155
1021 1293
1021 1346
1021 1790
1021 1856
1022 2488
1023 1474
1024 1263
1025 1392
1025 2477
1026 1345
1027 1242
1027 1591
1027 1746
1028 1790
1029 1143
1029 1541
1030 1138
1031 1150
1031 1711
1031 2303
1032 1903
1032 2469
1033 1722
1033 1761
1033 2229
1034 1926
1034 2065
1034 2124
1035 2165
1036 1259
1036 2209
1037 1367
1037 1538
1037 1582
1037 1658
1037 2181
1038 1716
1038 1723
1038 1731
1038 1955
1038 2212
1039 1879
1040 1257
1041 1434
1041 1486
1042 1654
1043 1792
1044 1803
1044 1844
1044 1975
1045 1297
1045 1621
1045 1937
1045 2157
1045 2190
1046 1592
1046 1752
1046 2443
1047 1537
1047 1825
1047 1908
1047 2080
1048 1497
1048 1836
1048 2419
1049 2264
1050 1570
1050 1678
1051 1266
1051 1282
1051 1664
1051 1717
1051 2246
1052 2480
1053 1771
1053 1870
1054 1094
1054 1948
1055 1423
1056 2159
1057 1977
1058 2100
1058 2270
1059 1225
1059 1415
1059 2167
1059 2294
1059 2305
1060 1288
1060 1870
1061 1308
1061 1309
1061 1546
1061 1637
1061 1844
1061 1967
1061 2078
1061 2435
1062 1307
1062 2096
1062 2153
1063 1127
1063 1525
1063 2022
1063 2182
1063 2258
1063 2322
1063 2330
1064 2102
1064 2227
1064 2397
1065 1256
1065 1608
1065 1751
1065 2165
1065 2199
1065 2443
1066 2130
1066 2457
1067 1272
1067 1434
1068 1982
1069 1382
1069 1437
1069 1665
1069 1875
1069 1947
1069 2320
1070 1989
1071 1205
1071 1739
1072 1339
1072 2351
1073 2489
1073 2490
1074 1290
1074 1869
1075 1304
1076 1146
1076 1581
1076 1988
1076 2063
1076 2253
1077 2011
1078 1117
1078 1881
1078 2273
1079 1746
1080 1589
1080 2011
1081 1154
1081 1239
1081 1318
1081 1372
1081 1825
1081 2110
1081 2389
1082 1343
1082 2076
1082 2366
1083 1462
1083 1663
1083 1876
1084 1703
1085 1465
1085 1908
1086 1146
1086 2490
1087 2384
1088 1619
1088 1902
1089 1416
1089 2264
1090 1197
1090 1354
1090 2090
1091 1532
1091 1595
1091 1683
1091 2471
1092 2262
1093 1360
1094 1425
1094 1520
1094 2080
1094 2158
1094 2197
1095 1951
1096 1443
1097 1755
1098 1268
1098 1860
1098 1897
1098 1935
1099 1218
1099 1577
1099 2046
1099 2147
1099 2460
1100 1963
1100 2096
1100 2144
1100 2175
1100 2312
1100 2422
1101 1721
1101 1843
1102 1314
1102 1543
1103 1418
1103 2265
1104 1126
1104 1179
1104 1245
1104 2341
1104 2358
1105 1144
1105 1289
1105 1348
1105 1462
1105 1839
1105 2435
1106 1877
1106 1905
1106 2278
1106 2354
1107 1999
1107 2167
1108 2293
1109 2013
1109 2015
1110 1240
1110 2398
1110 2446
1111 1174
1111 1499
1112 1300
1112 1680
1112 1970
1112 2182
1113 1604
1113 1670
1113 1876
1113 1953
1114 1290
1114 1511
1115 2420
1115 2471
1116 1350
1116 1637
1116 2165
1116 2267
1117 1132
1117 1201
1117 1845
1118 2488
1119 1229
1119 1332
1119 1523
1119 1822
1120 1191
1120 1313
1121 1610
1121 1624
1121 1989
1123 1161
1123 1969
1123 2200
1123 2435
1124 1199
1124 1243
1124 2115
1125 1694
1126 1423
1126 1424
1126 1494
1127 1290
1127 1476
1127 1934
1128 1820
1128 2057
1129 1605
1129 1936
1130 1296
1130 1356
1130 1909
1130 1936
1130 2280
1131 2358
1131 2385
1132 1273
1132 1946
1132 1967
1132 2020
1132 2124
1133 1331
1133 1831
1133 2403
1134 1283
1134 1326
1134 1887
1134 1990
1134 2125
1135 1650
1135 2278
1136 1192
1136 2005
1136 2415
1137 1202
1137 2247
1138 1967
1138 1979
1138 2021
1138 2026
1139 2024
1139 2261
1139 2323
1139 2328
1140 1799
1141 1891
1141 2198
1142 1537
1142 1775
1142 1942
1143 1378
1144 1460
1144 1839
1144 1949
1145 1146
1145 1601
1145 1638
1145 1838
1145 2028
1145 2375
1146 1890
1146 2022
1146 2030
1146 2281
1147 1234
1147 2002
1147 2139
1147 2425
1147 2486
1148 1316
1149 1703
1149 2026
1149 2312
1150 1557
1152 1250
1152 1355
1154 1362
1154 1425
1154 1483
1154 1844
1154 2137
1155 1822
1156 1442
1156 1624
1156 1866
1156 2024
1157 2400
1158 1404
1158 2025
1158 2334
1159 1741
1159 1965
1159 2087
1159 2156
1160 1472
1160 2495
1161 2103
1162 1812
1162 2438
1163 1194
1163 1459
1163 2385
1164 1473
1165 1777
1165 1956
1165 2136
1165 2154
1165 2372
1166 2093
1166 2300
1166 2411
1167 1301
1167 1449
1168 1869
1169 1497
1169 1706
1169 1737
1170 1171
1170 1539
1170 1802
1170 2148
1170 2418
1171 1304
1171 1307
1171 1357
1171 1716
1171 1979
1171 2494
1172 2267
1173 1261
1173 1561
1173 1890
1173 2293
1174 1972
1174 2030
1175 1361
1175 1513
1175 2204
1175 2445
1176 1282
1177 2292
1178 1978
1179 1490
1179 1709
1179 1887
1179 2367
1180 1204
1180 1458
1180 1592
1180 2131
1180 2139
1180 2149
1180 2204
1180 2430
1181 1280
1181 1730
1181 1926
1182 2040
1182 2393
1183 1442
1184 2020
1185 2435
1186 1251
1186 1363
1186 2078
1186 2119
1187 1817
1188 1438
1188 1616
1188 2015
1188 2377
1189 1513
1189 1615
1189 1966
1189 2023
1189 2440
1190 1381
1190 1921
1190 2052
1190 2138
1190 2215
1190 2292
1191 1594
1191 2053
1192 1265
1192 1299
1192 1437
1192 2290
1193 2467
1193 2481
1194 2046
1194 2136
1194 2481
1195 1200
1195 2052
1195 2108
1195 2412
1196 1513
1196 1689
1196 1701
1196 1733
1197 1651
1198 1362
1198 1367
1198 2126
1199 1237
1199 1698
1199 1794
1199 1809
1199 2136
1199 2479
1200 1594
1200 1907
1200 2294
1200 2338
1201 1776
1201 1857
1202 2017
1203 1851
1203 2495
1204 1807
1204 1938
1204 2113
1205 1717
1205 2098
1207 1378
1207 2165
1207 2271
1208 1901
1208 2320
1209 1241
1209 1294
1209 1557
1209 2214
1210 1434
1210 1477
1210 1501
1210 1883
1211 1551
1211 1648
1213 2058
1213 2248
1213 2435
1214 1277
1214 1577
1214 2243
1215 1462
1215 1522
1215 1870
1215 2385
1216 1232
1216 2358
1216 2457
1219 1304
1219 1503
1219 1704
1219 2175
1220 1392
1220 1412
1220 1559
1220 1708
1220 2338
1221 1477
1221 2169
1221 2252
1221 2294
1221 2336
1221 2444
1222 1411
1222 1634
1222 2134
1223 1807
1223 2035
1224 1684
1224 1878
1225 1322
1225 1929
1226 1544
1226 1718
1226 2005
1226 2380
1227 1238
1227 1567
1227 1851
1227 2352
1228 1564
1228 1658
1228 1827
1229 1319
1229 1725
1229 1955
1229 2408
1230 1281
1230 1748
1230 1812
1230 2447
1230 2480
1231 1443
1231 2006
1231 2051
1231 2389
1232 1611
1232 2479
1232 2480
1233 1418
1234 1800
1234 1958
1235 1328
1235 2374
1236 2416
1237 1565
1237 1632
1238 1746
1238 2240
1239 1391
1239 1757
1239 2360
1240 1487
1240 2235
1241 1941
1242 1981
1242 2010
1243 1853
1243 2012
1244 1484
1244 1930
1244 2015
1245 1344
1245 1362
1245 2249
1246 1252
1246 1752
1246 2204
1246 2403
1247 1474
1247 1524
1247 1879
1247 1978
1247 2392
1248 2190
1248 2229
1249 1391
1249 2076
1249 2277
1249 2358
1249 2494
1250 1774
1250 2155
1251 1819
1252 1774
1252 2201
1253 1691
1253 2364
1253 2433
1255 1426
1255 1529
1255 1694
1255 2005
1256 1560
1256 1837
1256 2160
1256 2202
1256 2307
1256 2495
1257 1274
1257 1635
1258 1301
1258 1367
1258 2315
1259 1464
1259 1637
1259 2074
1259 2091
1259 2106
1262 1327
1262 1530
1262 2050
1263 1418
1263 1793
1263 1884
1264 1673
1264 1735
1264 2001
1264 2130
1264 2320
1264 2352
1264 2484
1265 1350
1265 1733
1265 2114
1266 2148
1267 1540
1267 1976
1267 2279
1267 2468
1268 1732
1269 1337
1269 2460
1270 1318
1270 1500
1270 2285
1271 1491
1272 1371
1273 1461
1273 1493
1273 2053
1275 1895
1275 2342
1275 2472
1276 1764
1276 1824
1276 2088
1276 2099
1276 2168
1277 1584
1277 2322
1278 1658
1279 1361
1279 1560
1279 1740
1279 2303
1280 1709
1280 2398
1281 1572
1281 1773
1281 1941
1282 2194
1283 1824
1283 1855
1284 1375
1284 1568
1284 1657
1284 1663
1285 1673
1285 2111
1285 2482
1286 1689
1286 1880
1286 1931
1287 1942
1289 1310
1289 1459
1289 2320
1290 2284
1291 1744
1291 2030
1291 2043
1292 1671
1292 1728
1292 2262
1293 1638
1293 2113
1294 1363
1294 1596
1294 2143
1294 2461
1295 1651
1295 1684
1295 2262
1295 2317
1296 1860
1297 2296
1298 1382
1299 1396
1299 1866
1299 2138
1300 2362
1302 1443
1302 2137
1303 1614
1303 2037
1304 1424
1304 1476
1304 1976
1304 2454
1305 1371
1305 1565
1305 1815
1305 2218
1306 1469
1306 1508
1306 1625
1306 1836
1306 1910
1306 2214
1306 2294
1307 1805
1307 1926
1307 2067
1307 2482
1308 1597
1308 2441
1310 1606
1310 1868
1310 1895
1310 2053
1312 1965
1312 1970
1312 2448
1313 1602
1313 2417
1314 1516
1314 1854
1314 2411
1315 1830
1316 1413
1316 2007
1317 1352
1317 1936
1317 2371
1318 1463
1319 1920
1320 1654
1320 1864
1321 1570
1321 2440
1322 1548
1322 1847
1322 2196
1323 1886
1323 2437
1324 1440
1324 1698
1324 1731
1324 1820
1324 2369
1325 2183
1326 1808
1326 2194
1326 2322
1327 1504
1328 1396
1328 2486
1329 2393
1330 1350
1330 1382
1330 1457
1330 2370
1330 2437
1332 2087
1332 2232
1333 1468
1333 1678
1333 2255
1334 2052
1334 2112
1334 2118
1334 2361
1336 1973
1336 2018
1337 1903
1338 1446
1338 1998
1340 1665
1341 2319
1343 1432
1344 1459
1344 2430
1345 2046
1345 2149
1346 1458
1346 2004
1346 2087
1347 1472
1347 2285
1348 1876
1349 1772
1349 2267
1350 2473
1351 1675
1351 1677
1352 1543
1352 2277
1353 1402
1353 1473
1353 1670
1353 1906
1353 2158
1353 2276
1354 1419
1354 1639
1354 1893
1354 1965
1354 2303
1355 1932
1356 2132
1356 2216
1357 1435
1357 1530
1357 1557
1357 2458
1358 1597
1358 2018
1358 2075
1359 2162
1360 1391
1360 1548
1360 1598
1360 1674
1360 2301
1361 1567
1361 2001
1361 2039
1361 2281
1362 1889
1363 1395
1363 1513
1363 1796
1364 1526
1364 1560
1364 1561
1364 1856
1365 1797
1366 1522
1366 1856
1366 2300
1367 2041
1369 2081
1369 2449
1370 1814
1370 1900
1370 2303
1371 1437
1371 2420
1372 1492
1372 2126
1372 2153
1372 2224
1373 1887
1374 2239
1374 2274
1374 2323
1375 1443
1376 1767
1376 1778
1376 2370
1377 1678
1377 1803
1378 1400
1378 2398
1379 1926
1379 2175
1380 2070
1380 2245
1381 2485
1382 2036
1384 1756
1384 2474
1385 1533
1385 1569
1385 1966
1385 1982
1385 2020
1385 2195
1385 2403
1386 1525
1386 2277
1387 1790
1388 2242
1389 2411
1390 2072
1391 1800
1392 1438
1392 1986
1392 2024
1393 1820
1393 1824
1393 2168
1393 2191
1394 1395
1394 1430
1394 1464
1394 1793
1394 2117
1395 1557
1396 1519
1396 2399
1397 2448
1398 2025
1399 1674
1400 1458
1400 1530
1400 1894
1400 1947
1400 2499
1401 1624
1401 2342
1402 2173
1402 2439
1403 1525
1404 1701
1404 2090
1405 2036
1405 2282
1405 2422
1406 1433
1406 1450
1406 1455
1407 1533
1407 1581
1407 1637
1407 1673
1408 1504
1408 1952
1409 2173
1409 2269
1409 2481
1410 1424
1410 2122
1410 2453
1411 1503
1411 2351
1411 2478
1412 1964
1412 2311
1413 1624
1413 1882
1415 1961
1415 2362
1416 1457
1416 2140
1416 2229
1416 2236
1416 2258
1417 2077
1418 1553
1419 1463
1419 1811
1419 2034
1420 1577
1421 2341
1421 2443
1422 1710
1423 1676
1423 1753
1423 1964
1424 2219
1424 2454
1425 1718
1425 2014
1425 2090
1425 2242
1427 1719
1427 1817
1427 1838
1427 1918
1427 2341
1428 2070
1428 2191
1429 1548
1429 1958
1429 1978
1430 1625
1430 1782
1431 1785
1431 2389
1432 2391
1433 2266
1433 2268
1433 2426
1434 1475
1434 1687
1434 1792
1434 1909
1434 2314
1434 2439
1435 1445
1435 2460
1436 1836
1436 2335
1437 2155
1438 1908
1438 2406
1439 1626
1439 1774
1439 2235
1439 2394
1440 1763
1440 2011
1440 2153
1442 1477
1442 1996
1442 2066
1443 1585
1443 1995
1443 2241
1444 1926
1445 1801
1445 2124
1445 2446
1446 2084
1446 2344
1448 1558
1448 1631
1448 2444
1449 1759
1450 1594
1450 1907
1450 1971
1451 1598
1451 2128
1452 1843
1452 2144
1452 2442
1453 1616
1453 2331
1453 2433
1454 1558
1454 1604
1454 2427
1455 1467
1455 1662
1456 2328
1456 2428
1457 2176
1457 2392
1458 1498
1458 1645
1458 2383
1459 1606
1459 1728
1459 1881
1460 1501
1462 2019
1463 1589
1463 1735
1463 1795
1464 1723
1465 2039
1465 2346
1468 1709
1468 2021
1468 2221
1468 2453
1469 1885
1471 1484
1471 2355
1472 1697
1473 1542
1473 2412
1474 1959
1474 2339
1475 2191
1476 1477
1476 1937
1476 2365
1476 2485
1478 1657
1478 1844
1478 2463
1479 1559
1479 2090
1479 2151
1480 2034
1480 2496
1481 1786
1481 1870
1481 2339
1482 1678
1482 1791
1482 1961
1482 2080
1482 2255
1483 1550
1483 1976
1483 2393
1484 2374
1485 1601
1485 1666
1485 2208
1485 2249
1485 2441
1486 2015
1486 2048
1487 1597
1487 2237
1487 2384
1488 2365
1489 1990
1489 2353
1490 1949
1490 2140
1491 1593
1492 2157
1493 1729
1493 1817
1493 1996
1494 1524
1494 1991
1494 2417
1495 1529
1495 2014
1496 2059
1497 2430
1498 1733
1498 2165
1498 2209
1499 1879
1500 1650
1500 1721
1500 2081
1500 2463
1501 1558
1501 1994
1501 2334
1502 1880
1502 2222
1503 1919
1503 2340
1505 1861
1506 2233
1508 1711
1508 2294
1509 1596
1509 1743
1509 2420
1511 1536
1511 1812
1511 2144
1512 2494
1513 1857
1514 1649
1515 1939
1516 1669
1516 2315
1517 1892
1518 1570
1519 1820
1520 1951
1520 2278
1520 2398
1521 2113
1522 1886
1522 2357
1522 2448
1523 1859
1523 1895
1524 1565
1524 2095
1524 2300
1524 2349
1525 1723
1525 2013
1525 2129
1527 1747
1528 1642
1528 1730
1528 2274
1529 2020
1530 2160
1531 1668
1531 2136
1531 2486
1532 1990
1532 2392
1532 2439
1533 1611
1533 1874
1533 2058
1534 2050
1535 1588
1535 1929
1536 1591
1536 2046
1536 2195
1538 1885
1540 1615
1540 1738
1540 2148
1540 2263
1541 2317
1542 1622
1542 2143
1543 1952
1543 1987
1545 1638
1545 1682
1545 2399
1546 1590
1546 1773
1546 1975
1546 2042
1546 2297
1547 1677
1547 2273
1547 2499
1548 1991
1548 2159
1548 2303
1548 2450
1550 1608
1550 1890
1550 2278
1551 2154
1552 1571
1554 1581
1554 1604
1554 1754
1554 2055
1554 2171
1554 2172
1555 1614
1555 1733
1555 2241
1555 2358
1557 1764
1557 2130
1557 2218
1558 2084
1559 1709
1559 2283
1560 1665
1560 1866
1560 1928
1560 2434
1561 2246
1562 1856
1562 2328
1563 1890
1564 2016
1564 2050
1564 2367
1565 1577
1565 1815
1565 1867
1565 2349
1565 2413
1566 2103
1566 2142
1566 2182
1566 2341
1567 2143
1567 2345
1568 2302
1569 1796
1569 2031
1573 1707
1573 2049
1574 1951
1575 1990
1575 2272
1576 1992
1576 2215
1577 1937
1577 2008
1577 2398
1578 2058
1578 2075
1578 2383
1579 1814
1579 1848
1579 2077
1580 1977
1581 2022
1582 1850
1583 1645
1583 1993
1584 1837
1584 2046
1586 1946
1587 1730
1587 2096
1588 1987
1588 2494
1589 2411
1591 1630
1591 1749
1592 1819
1592 1977
1592 2366
1593 1689
1593 1694
1593 1833
1593 2114
1594 1924
1594 2027
1594 2335
1595 1667
1595 2022
1596 1601
1596 1637
1596 1678
1597 1931
1597 2491
1598 2253
1599 1661
1599 2477
1600 2103
1600 2167
1601 1890
1602 2090
1605 2291
1605 2402
1607 2048
1608 2301
1609 1794
1609 1827
1610 1870
1611 1723
1611 1747
1612 2153
1612 2393
1612 2429
1613 1702
1613 2358
1614 1862
1614 2328
1615 2346
1616 1807
1616 2119
1617 2024
1618 2178
1619 1816
1619 2489
1620 1797
1620 2187
1621 2188
1622 1626
1622 2190
1623 1950
1624 1969
1626 2489
1628 1810
1629 2170
1630 1903
1630 2241
1631 1898
1631 2416
1632 2259
1632 2308
1633 1653
1633 1735
1633 2217
1634 1717
1634 1882
1634 2415
1635 1778
1635 2298
1636 2367
1637 1696
1637 2059
1637 2304
1637 2316
1638 1745
1638 1820
1638 2305
1639 2140
1640 2076
1641 2120
1641 2459
1643 1732
1643 1878
1643 2325
1643 2398
1644 1974
1644 2155
1644 2331
1645 2139
1647 2113
1647 2164
1648 1691
1648 2190
1648 2260
1649 2433
1650 2316
1650 2333
1651 1794
1651 1898
1651 2427
1651 2452
1653 2249
1654 1808
1657 2092
1658 1869
1658 2025
1658 2164
1660 2005
1661 1997
1661 2264
1661 2382
1661 2433
1662 1761
1662 2375
1663 2467
1665 1803
1666 2070
1667 2287
1670 2262
1670 2421
1671 1841
1671 2221
1671 2391
1673 1683
1673 1825
1674 2037
1675 2400
1675 2425
1676 1965
1677 1713
1677 2339
1678 1706
1679 1857
1679 1873
1679 2444
1680 2034
1680 2064
1680 2329
1681 1793
1681 2171
1682 1684
1682 1992
1682 2241
1683 1771
1683 1957
1684 2397
1684 2476
1685 1729
1685 2012
1685 2164
1685 2359
1686 1818
1686 1838
1687 2453
1689 1871
1691 1722
1691 2194
1692 1800
1692 2401
1693 1790
1693 1835
1693 2182
1694 1882
1694 2207
1695 2370
1697 1865
1697 2243
1699 1832
1700 1936
1700 2104
1701 2197
1702 2054
1704 1777
1704 1811
1706 1929
1706 2082
1706 2099
1708 1736
1708 2152
1708 2218
1708 2384
1709 2340
1711 2086
1712 1780
1712 2015
1713 1732
1713 2106
1713 2130
1716 2344
1717 1871
1717 2229
1719 2032
1719 2276
1719 2486
1720 1959
1721 1780
1721 2158
1723 1786
1723 2184
1723 2217
1724 2215
1724 2261
1725 1935
1726 2242
1726 2271
1726 2450
1727 1864
1727 2322
1727 2347
1728 1837
1729 1820
1729 2097
1730 1967
1732 1987
1733 1757
1733 2259
1734 2149
1735 2202
1735 2247
1736 1995
1737 2200
1737 2320
1737 2451
1738 2274
1738 2411
1738 2447
1739 1814
1739 1996
1739 2000
1739 2081
1739 2304
1740 2364
1741 1851
1741 1873
1741 1932
1741 2155
1742 2403
1743 1944
1743 2232
1744 2101
1744 2344
1745 2088
1745 2396
1746 2085
1746 2405
1747 1806
1747 2263
1749 1766
1750 2324
1751 1814
1751 2333
1752 2118
1753 2271
1754 2156
1756 2408
1756 2415
1757 1877
1757 1884
1757 2080
1757 2409
1758 1913
1761 2044
1761 2452
1762 2125
1763 1811
1763 1820
1763 2164
1763 2336
1763 2340
1764 1957
1764 2176
1764 2217
1765 2230
1766 2325
1767 1944
1769 1904
1769 2318
1770 2179
1771 1971
1772 2097
1772 2326
1772 2470
1773 1821
1774 1779
1775 2088
1775 2296
1776 2090
1778 2377
1779 2276
1780 2449
1781 1894
1783 1820
1784 2131
1784 2225
1786 1828
1787 1943
1787 2155
1787 2216
1788 1942
1789 1941
1789 2288
1789 2388
1790 1866
1790 1885
1790 1985
1790 2366
1791 2053
1791 2259
1791 2468
1792 2101
1792 2225
1793 1813
1793 2020
1794 1981
1794 2329
1795 1905
1795 2296
1796 1839
1796 2006
1797 2312
1799 1844
1799 1948
1799 2227
1799 2388
1801 2164
1802 2458
1803 1820
1805 2207
1807 1840
1807 2097
1807 2307
1807 2462
1808 2460
1809 1880
1809 2186
1809 2195
1809 2341
1810 2315
1810 2467
1811 1995
1811 2299
1813 1860
1814 2355
1814 2365
1815 2076
1816 2377
1817 1978
1817 2122
1817 2498
1820 2380
1821 1834
1821 2327
1822 2361
1823 2411
1826 2072
1826 2115
1826 2244
1827 1946
1828 1848
1828 2014
1828 2262
1828 2399
1828 2466
1829 2428
1830 1970
1830 2454
1831 1970
1831 2032
1832 1941
1834 2358
1837 2044
1838 2319
1839 2024
1840 2079
1840 2410
1841 2052
1841 2322
1842 1885
1842 1891
1842 1948
1843 1964
1843 2026
1844 2150
1847 2179
1848 2067
1850 2121
1850 2243
1851 2035
1852 1857
1853 2047
1855 2083
1855 2195
1856 2147
1856 2335
1858 2287
1860 2291
1861 2064
1861 2283
1861 2396
1862 2137
1862 2490
1863 2030
1864 2053
1865 2499
1866 2312
1867 2190
1867 2352
1868 1925
1868 2305
1870 1947
1870 2058
1871 1875
1871 2234
1871 2251
1873 1965
1875 1917
1875 1942
1875 1972
1875 2208
1877 2063
1877 2142
1877 2498
1879 2480
1879 2483
1882 2481
1883 2206
1884 1967
1887 2208
1888 2222
1888 2482
1890 2254
1891 1900
1891 1921
1891 2000
1891 2171
1891 2374
1892 2118
1893 2416
1896 2156
1896 2440
1897 2297
1899 2269
1899 2438
1900 1928
1901 2062
1901 2452
1902 2289
1902 2359
1903 2288
1904 2009
1906 2020
1906 2021
1906 2123
1906 2417
1908 2100
1909 2319
1911 2294
1913 2133
1918 2294
1921 1953
1922 2140
1924 2015
1924 2378
1926 2313
1927 2465
1929 2483
1930 2042
1931 2378
1932 2442
1933 2042
1933 2292
1934 2204
1935 2155
1938 2486
1939 2340
1939 2470
1941 2006
1944 2038
1945 2391
1946 2022
1946 2442
1946 2471
1947 2341
1948 2263
1949 2246
1949 2326
1949 2494
1950 2378
1950 2409
1952 1958
1953 2099
1954 2191
1954 2403
1955 2439
1957 2144
1957 2203
1958 2485
1959 2199
1959 2451
1961 2206
1961 2395
1962 2260
1962 2361
1965 2023
1965 2316
1967 2016
1967 2225
1968 2440
1972 2060
1972 2209
1972 2215
1972 2231
1972 2373
1973 1980
1973 2437
1977 2028
1977 2345
1977 2462
1978 1989
1978 2293
1979 2036
1982 2310
1985 2248
1986 2192
1986 2305
1986 2349
1987 2364
1988 2163
1991 2000
1991 2405
1995 2007
1996 2131
1997 2085
1997 2318
1998 2393
1998 2418
1999 2069
2002 2250
2002 2305
2003 2453
2004 2430
2007 2271
2007 2435
2008 2083
2008 2199
2010 2137
2011 2368
2015 2137
2015 2239
2016 2329
2017 2329
2018 2348
2018 2433
2021 2403
2022 2272
2023 2460
2024 2069
2024 2131
2024 2224
2025 2085
2025 2097
2025 2176
2025 2425
2026 2318
2027 2292
2027 2308
2029 2247
2030 2496
2034 2075
2034 2317
2034 2494
2035 2087
2035 2195
2038 2059
2039 2402
2041 2294
2042 2061
2043 2489
2043 2493
2046 2186
2049 2214
2049 2234
2052 2282
2052 2363
2054 2269
2055 2213
2058 2078
2059 2250
2061 2308
2062 2284
2064 2169
2064 2425
2065 2280
2066 2204
2066 2213
2069 2151
2069 2448
2069 2458
2070 2248
2071 2131
2071 2495
2072 2081
2072 2398
2073 2203
2074 2099
2078 2235
2078 2437
2080 2175
2081 2150
2081 2385
2083 2475
2084 2338
2085 2414
2087 2124
2087 2179
2089 2204
2089 2463
2090 2168
2090 2359
2093 2124
2094 2471
2095 2364
2095 2499
2098 2188
2099 2248
2101 2118
2103 2435
2104 2269
2105 2117
2106 2183
2108 2333
2110 2382
2111 2403
2113 2139
2114 2265
2116 2174
2117 2141
2117 2199
2122 2200
2122 2344
2125 2386
2126 2188
2126 2367
2126 2471
2127 2229
2128 2412
2130 2331
2131 2426
2134 2230
2138 2295
2139 2299
2139 2479
2144 2362
2144 2406
2144 2473
2145 2465
2147 2195
2149 2212
2149 2255
2150 2247
2150 2484
2151 2215
2152 2439
2156 2232
2156 2280
2157 2355
2157 2397
2160 2269
2160 2395
2161 2194
2161 2238
2162 2326
2162 2373
2170 2223
2171 2386
2174 2189
2178 2223
2180 2372
2180 2449
2184 2440
2186 2387
2190 2221
2197 2242
2202 2353
2203 2369
2204 2455
2206 2227
2210 2445
2211 2242
2211 2354
2215 2316
2218 2432
2218 2476
2219 2368
2220 2225
2220 2372
2221 2222
2222 2284
2224 2410
2227 2410
2228 2376
2228 2415
2228 2455
2230 2430
2231 2433
2232 2302
2232 2391
2234 2273
2239 2266
2242 2458
2242 2484
2244 2284
2251 2322
2253 2297
2255 2298
2257 2475
2258 2422
2260 2489
2265 2314
2268 2307
2272 2274
2272 2346
2275 2337
2284 2296
2285 2430
2286 2417
2288 2383
2289 2473
2294 2499
2304 2383
2304 2464
2307 2438
2312 2359
2316 2482
2318 2396
2321 2413
2322 2435
2326 2365
2331 2381
2332 2423
2334 2389
2338 2378
2338 2478
2344 2376
2348 2357
2355 2491
2357 2446
2371 2440
2373 2428
2376 2402
2377 2439
2377 2488
2378 2402
2382 2439
2386 2443
2388 2426
2404 2429
2418 2470
2423 2482
2424 2474
2431 2481
2435 2444
2435 2490
2443 2484
